1 1 0 1 0 0 0 3000 3 11 11 0 0
1 2 0 1 0 0 0 3000 3 14 14 11 0
1 3 0 1 0 0 0 3000 3 3 3 14 11
1 4 1 1 1 0 0 503 1 11 11 3 14
1 5 1 1 1 0 0 722 1 14 14 11 3
1 6 0 1 0 0 0 3000 3 9 9 14 11
1 7 0 1 0 0 0 3000 3 4 4 9 14
1 8 1 1 1 0 0 457 1 14 14 4 9
1 9 0 1 0 0 0 3000 3 7 7 14 4
1 10 1 1 1 0 0 400 1 4 4 7 14
1 11 0 0 0 0 1 1204 2 8 8 4 7
1 12 0 0 0 0 1 717 2 4 4 8 4
1 13 1 1 1 0 0 1018 1 4 4 4 8
1 14 0 1 0 0 0 3000 3 7 7 4 4
1 15 0 0 0 0 1 424 3 8 8 7 4
1 16 0 1 0 0 0 3000 2 2 2 8 7
1 17 0 1 0 0 0 3000 2 1 1 2 8
1 18 0 0 0 0 1 441 3 1 1 1 2
1 19 0 1 0 0 0 3000 3 5 5 1 1
1 20 0 1 0 0 0 3000 3 5 5 5 1
1 21 0 1 0 0 0 3000 2 11 11 5 5
1 22 1 1 1 0 0 591 1 5 5 11 5
1 23 1 1 1 0 0 528 1 5 5 5 11
1 24 1 1 1 0 0 378 1 11 11 5 5
1 25 0 1 0 0 0 3000 2 6 6 11 5
2 1 0 1 0 0 0 3000 1 7 7 6 11
2 2 0 1 0 0 0 3000 1 10 10 7 6
2 3 1 0 0 1 0 3000 1 6 6 10 7
2 4 0 1 0 0 0 3000 2 9 9 6 10
2 5 0 1 0 0 0 3000 2 7 7 9 6
2 6 1 1 1 0 0 600 1 6 6 7 9
2 7 0 1 0 0 0 3000 2 5 5 6 7
2 8 1 1 1 0 0 383 1 7 7 5 6
2 9 1 1 1 0 0 643 1 6 6 7 5
2 10 0 1 0 0 0 3000 3 6 6 6 7
2 11 0 1 0 0 0 3000 3 8 8 6 6
2 12 0 1 0 0 0 3000 3 15 15 8 6
2 13 0 1 0 0 0 3000 2 3 3 15 8
2 14 0 1 0 0 0 3000 3 14 14 3 15
2 15 0 1 0 0 0 3000 3 8 8 14 3
2 16 1 1 1 0 0 613 1 3 3 8 14
2 17 1 1 1 0 0 794 1 14 14 3 8
2 18 1 1 1 0 0 617 1 8 8 14 3
2 19 0 1 0 0 0 3000 2 2 2 8 14
2 20 0 1 0 0 0 3000 3 9 9 2 8
2 21 0 1 0 0 0 3000 2 12 12 9 2
2 22 1 1 1 0 0 655 1 2 2 12 9
2 23 1 1 1 0 0 781 1 9 9 2 12
2 24 0 1 0 0 0 3000 3 7 7 9 2
2 25 0 1 0 0 0 3000 2 10 10 7 9
3 1 0 1 0 0 0 3000 1 12 12 10 7
3 2 0 1 0 0 0 3000 2 1 1 12 10
3 3 1 0 0 1 0 3000 1 10 10 1 12
3 4 1 1 1 0 0 517 1 12 12 10 1
3 5 0 1 0 0 0 3000 2 2 2 12 10
3 6 0 1 0 0 0 3000 2 3 3 2 12
3 7 0 1 0 0 0 3000 3 11 11 3 2
3 8 0 1 0 0 0 3000 3 6 6 11 3
3 9 1 1 1 0 0 673 1 3 3 6 11
3 10 0 1 0 0 0 3000 3 7 7 3 6
3 11 0 1 0 0 0 3000 3 5 5 7 3
3 12 1 1 1 0 0 483 1 3 3 5 7
3 13 0 1 0 0 0 3000 2 5 5 3 5
3 14 1 1 1 0 0 501 1 5 5 5 3
3 15 0 1 0 0 0 3000 3 4 4 5 5
3 16 0 1 0 0 0 3000 3 12 12 4 5
3 17 1 0 0 1 0 3000 1 5 5 12 4
3 18 1 1 1 0 0 508 1 4 4 5 12
3 19 0 1 0 0 0 3000 3 5 5 4 5
3 20 0 1 0 0 0 3000 3 15 15 5 4
3 21 0 0 0 0 1 536 3 2 2 15 5
3 22 0 0 0 0 1 645 3 2 2 2 15
3 23 1 1 1 0 0 677 1 15 15 2 2
3 24 0 1 0 0 0 3000 3 13 13 15 2
3 25 1 1 1 0 0 368 1 2 2 13 15
