1 1 0 1 0 0 0 3000 1 4 4 0 0
1 2 0 1 0 0 0 3000 2 9 9 4 0
1 3 0 1 0 0 0 3000 3 13 13 9 4
1 4 0 1 0 0 0 3000 3 6 6 13 9
1 5 0 1 0 0 0 3000 2 10 10 6 13
1 6 0 1 0 0 0 3000 2 6 6 10 6
1 7 1 1 1 0 0 523 1 6 6 6 10
1 8 0 1 0 0 0 3000 3 11 11 6 6
1 9 1 1 1 0 0 667 1 6 6 11 6
1 10 0 1 0 0 0 3000 2 5 5 6 11
1 11 0 1 0 0 0 3000 3 10 10 5 6
1 12 0 1 0 0 0 3000 2 10 10 10 5
1 13 1 1 1 0 0 418 1 5 5 10 10
1 14 0 1 0 0 0 3000 2 13 13 5 10
1 15 0 1 0 0 0 3000 2 4 4 13 5
1 16 0 1 0 0 0 3000 2 12 12 4 13
1 17 0 1 0 0 0 3000 3 6 6 12 4
1 18 1 1 1 0 0 459 1 4 4 6 12
1 19 0 1 0 0 0 3000 3 5 5 4 6
1 20 0 1 0 0 0 3000 2 9 9 5 4
1 21 0 1 0 0 0 3000 3 1 1 9 5
1 22 0 1 0 0 0 3000 2 11 11 1 9
1 23 0 1 0 0 0 3000 3 1 1 11 1
1 24 0 1 0 0 0 3000 2 12 12 1 11
1 25 0 1 0 0 0 3000 3 8 8 12 1
2 1 0 1 0 0 0 3000 2 15 15 8 12
2 2 0 1 0 0 0 3000 3 15 15 15 8
2 3 0 1 0 0 0 3000 3 2 2 15 15
2 4 1 1 1 0 0 987 1 15 15 2 15
2 5 0 1 0 0 0 3000 2 8 8 15 2
2 6 0 1 0 0 0 3000 2 13 13 8 15
2 7 0 1 0 0 0 3000 3 12 12 13 8
2 8 1 1 1 0 0 654 1 8 8 12 13
2 9 0 1 0 0 0 3000 2 5 5 8 12
2 10 1 1 1 0 0 455 1 12 12 5 8
2 11 1 1 1 0 0 574 1 8 8 12 5
2 12 0 0 0 0 1 606 3 12 12 8 12
2 13 1 1 1 0 0 517 1 12 12 12 8
2 14 0 1 0 0 0 3000 2 4 4 12 12
2 15 1 1 1 0 0 693 1 12 12 4 12
2 16 1 1 1 0 0 559 1 12 12 12 4
2 17 0 1 0 0 0 3000 3 2 2 12 12
2 18 0 1 0 0 0 3000 3 14 14 2 12
2 19 1 1 1 0 0 744 1 12 12 14 2
2 20 0 1 0 0 0 3000 3 11 11 12 14
2 21 0 1 0 0 0 3000 2 6 6 11 12
2 22 1 1 1 0 0 814 1 12 12 6 11
2 23 0 1 0 0 0 3000 3 15 15 12 6
2 24 1 1 1 0 0 631 1 6 6 15 12
2 25 1 1 1 0 0 583 1 12 12 6 15
3 1 0 1 0 0 0 3000 2 10 10 12 6
3 2 0 1 0 0 0 3000 1 13 13 10 12
3 3 0 1 0 0 0 3000 2 14 14 13 10
3 4 0 1 0 0 0 3000 2 9 9 14 13
3 5 1 1 1 0 0 432 1 13 13 9 14
3 6 1 1 1 0 0 729 1 14 14 13 9
3 7 0 1 0 0 0 3000 3 14 14 14 13
3 8 1 1 1 0 0 353 1 13 13 14 14
3 9 0 0 0 0 1 2183 2 13 13 13 14
3 10 0 1 0 0 0 3000 2 12 12 13 13
3 11 1 1 1 0 0 576 1 13 13 12 13
3 12 1 1 1 0 0 527 1 13 13 13 12
3 13 0 1 0 0 0 3000 2 8 8 13 13
3 14 0 1 0 0 0 3000 2 1 1 8 13
3 15 0 1 0 0 0 3000 2 5 5 1 8
3 16 1 1 1 0 0 356 1 8 8 5 1
3 17 0 1 0 0 0 3000 3 2 2 8 5
3 18 0 1 0 0 0 3000 3 6 6 2 8
3 19 1 1 1 0 0 602 1 8 8 6 2
3 20 0 1 0 0 0 3000 3 9 9 8 6
3 21 0 1 0 0 0 3000 3 5 5 9 8
3 22 1 1 1 0 0 1155 1 8 8 5 9
3 23 0 1 0 0 0 3000 2 15 15 8 5
3 24 0 1 0 0 0 3000 3 6 6 15 8
3 25 0 1 0 0 0 3000 2 5 5 6 15
