1 1 0 1 0 0 0 3000 3 14 14 0 0
1 2 0 1 0 0 0 3000 2 6 6 14 0
1 3 0 1 0 0 0 3000 3 1 1 6 14
1 4 0 1 0 0 0 3000 2 5 5 1 6
1 5 0 1 0 0 0 3000 3 14 14 5 1
1 6 1 1 1 0 0 699 1 1 1 14 5
1 7 0 0 0 0 1 543 3 2 2 1 14
1 8 0 1 0 0 0 3000 2 3 3 2 1
1 9 0 0 0 0 1 570 3 2 2 3 2
1 10 0 1 0 0 0 3000 2 3 3 2 3
1 11 1 1 1 0 0 573 1 3 3 3 2
1 12 0 1 0 0 0 3000 3 15 15 3 3
1 13 0 1 0 0 0 3000 3 4 4 15 3
1 14 0 1 0 0 0 3000 3 11 11 4 15
1 15 0 1 0 0 0 3000 2 9 9 11 4
1 16 0 0 0 0 1 640 3 11 11 9 11
1 17 0 1 0 0 0 3000 3 6 6 11 9
1 18 0 1 0 0 0 3000 2 11 11 6 11
1 19 0 1 0 0 0 3000 2 13 13 11 6
1 20 0 1 0 0 0 3000 3 1 1 13 11
1 21 1 0 0 1 0 3000 1 11 11 1 13
1 22 0 1 0 0 0 3000 2 1 1 11 1
1 23 1 1 1 0 0 635 1 1 1 1 11
1 24 1 1 1 0 0 800 1 11 11 1 1
1 25 0 1 0 0 0 3000 3 7 7 11 1
2 1 0 1 0 0 0 3000 1 9 9 7 11
2 2 0 1 0 0 0 3000 3 14 14 9 7
2 3 0 1 0 0 0 3000 2 6 6 14 9
2 4 0 1 0 0 0 3000 2 13 13 6 14
2 5 0 1 0 0 0 3000 3 1 1 13 6
2 6 0 1 0 0 0 3000 2 15 15 1 13
2 7 0 1 0 0 0 3000 2 11 11 15 1
2 8 0 1 0 0 0 3000 2 11 11 11 15
2 9 0 1 0 0 0 3000 3 11 11 11 11
2 10 0 1 0 0 0 3000 3 2 2 11 11
2 11 0 1 0 0 0 3000 3 2 2 2 11
2 12 0 1 0 0 0 3000 3 9 9 2 2
2 13 0 1 0 0 0 3000 2 1 1 9 2
2 14 1 1 1 0 0 2211 1 2 2 1 9
2 15 1 1 1 0 0 1475 1 9 9 2 1
2 16 1 0 0 1 0 3000 1 1 1 9 2
2 17 0 1 0 0 0 3000 2 12 12 1 9
2 18 0 1 0 0 0 3000 3 11 11 12 1
2 19 0 1 0 0 0 3000 2 6 6 11 12
2 20 1 1 1 0 0 717 1 12 12 6 11
2 21 0 1 0 0 0 3000 3 3 3 12 6
2 22 0 1 0 0 0 3000 3 10 10 3 12
2 23 1 1 1 0 0 633 1 12 12 10 3
2 24 0 1 0 0 0 3000 2 2 2 12 10
2 25 1 1 1 0 0 757 1 10 10 2 12
3 1 0 1 0 0 0 3000 3 1 1 10 2
3 2 0 1 0 0 0 3000 2 11 11 1 10
3 3 0 1 0 0 0 3000 2 15 15 11 1
3 4 1 0 0 1 0 3000 1 1 1 15 11
3 5 0 1 0 0 0 3000 2 14 14 1 15
3 6 0 1 0 0 0 3000 3 9 9 14 1
3 7 1 1 1 0 0 1250 1 1 1 9 14
3 8 0 1 0 0 0 3000 2 12 12 1 9
3 9 1 1 1 0 0 1654 1 9 9 12 1
3 10 0 1 0 0 0 3000 2 6 6 9 12
3 11 1 1 1 0 0 588 1 12 12 6 9
3 12 0 1 0 0 0 3000 2 7 7 12 6
3 13 1 0 0 1 0 3000 1 6 6 7 12
3 14 0 1 0 0 0 3000 3 9 9 6 7
3 15 0 0 0 0 1 1144 3 6 6 9 6
3 16 1 1 1 0 0 696 1 6 6 6 9
3 17 0 1 0 0 0 3000 2 12 12 6 6
3 18 1 1 1 0 0 439 1 6 6 12 6
3 19 1 0 0 1 0 3000 1 6 6 6 12
3 20 0 1 0 0 0 3000 2 15 15 6 6
3 21 0 1 0 0 0 3000 3 8 8 15 6
3 22 1 1 1 0 0 1152 1 6 6 8 15
3 23 1 1 1 0 0 919 1 15 15 6 8
3 24 0 1 0 0 0 3000 2 7 7 15 6
3 25 0 1 0 0 0 3000 3 2 2 7 15
